<?xml version="1.0" encoding="UTF-8" standalone="no"?>
<!DOCTYPE svg PUBLIC "-//W3C//DTD SVG 20010904//EN"
              "http://www.w3.org/TR/2001/REC-SVG-20010904/DTD/svg10.dtd">

<svg xmlns="http://www.w3.org/2000/svg"
     width="38.2667in" height="37.0222in"
     viewBox="0 0 3444 3332">
  <path id="Imported Path"
        fill="none" stroke="black" stroke-width="1"
        d="M 1029.72,952.93
           C 1033.46,972.88 1038.89,992.26 1045.82,1010.92
             1049.83,1021.53 1054.03,1031.43 1058.33,1040.53
             1122.53,1157.93 1181.24,1236.63 1344.56,1279.03
             1659.29,1360.73 1928.32,1065.63 1864.01,785.62
             1793.10,387.92 1156.04,262.71 1012.22,824.02
             985.42,892.83 935.22,978.83 860.21,1046.23
             703.39,1174.03 531.37,1205.13 347.66,1143.93
             169.94,1084.73 76.63,928.63 76.63,928.63
             -38.28,756.62 -35.48,448.52 177.74,260.91
             414.36,59.81 687.79,161.81 687.79,161.81
             687.79,161.81 863.91,222.31 863.91,222.31
             863.91,222.31 1111.53,330.52 1361.06,126.91
             1610.58,-76.69 1865.61,27.81 1865.61,27.81
             2177.54,148.91 2206.84,418.52 2206.84,418.52
             2206.84,418.52 2474.67,1794.34 2474.67,1794.34
             2474.67,1794.34 2506.57,1913.54 2454.97,2064.95
             2389.56,2284.35 2104.13,2494.25 1794.50,2384.15
             1484.87,2274.05 1454.67,1991.35 1454.67,1991.35
             1438.87,1921.14 1372.06,1701.04 1123.73,1613.04
             876.31,1525.34 679.59,1666.14 634.08,1706.64
             632.28,1708.24 630.58,1709.94 628.88,1711.64
             591.98,1749.24 535.17,1793.24 485.97,1924.64
             435.76,2058.75 468.07,2183.25 468.07,2183.25
             468.07,2183.25 542.38,2576.76 542.38,2576.76
             542.38,2576.76 602.18,2863.66 618.78,2969.56
             635.38,3075.47 715.79,3168.37 715.79,3168.37
             716.10,3168.76 716.44,3169.12 716.79,3169.47
             818.70,3283.57 978.32,3335.37 1119.63,3307.97
             1119.63,3307.97 1511.07,3230.97 1511.07,3230.97
             1511.07,3230.97 2494.17,3041.76 2494.17,3041.76
             2494.17,3041.76 2691.59,3001.16 2691.59,3001.16
             2763.10,2991.56 2820.21,2949.56 2853.31,2923.46
             2886.41,2897.36 2934.52,2840.86 2955.82,2774.16
             2966.82,2734.26 2982.62,2679.96 2966.82,2591.86
             2951.02,2503.76 2894.61,2439.15 2888.41,2430.85
             2882.21,2422.55 2825.11,2358.65 2737.80,2327.65
             2650.49,2296.65 2555.48,2316.65 2555.48,2316.65
             2555.48,2316.65 2463.97,2333.15 2393.76,2395.75
             2323.56,2458.35 2303.95,2514.56 2292.65,2549.16
             2280.25,2586.96 2266.55,2635.16 2280.95,2725.26
             2295.35,2815.36 2360.06,2887.56 2360.06,2887.56
             2360.06,2887.56 2406.16,2954.26 2509.38,2989.36
             2612.59,3024.46 2689.59,3003.76 2689.59,3003.76
             2689.59,3003.76 2886.31,2964.56 2886.31,2964.56
             2886.31,2964.56 2886.31,2967.96 3083.73,2926.06
             3281.15,2884.16 3366.46,2754.06 3404.37,2646.76
             3442.27,2539.46 3420.17,2427.35 3420.17,2427.35
             3420.17,2427.35 3174.54,1156.73 3174.54,1156.73
             3174.54,1156.73 3102.94,792.12 3102.94,792.12
             3102.94,792.12 3095.63,793.52 3095.63,793.52
             3095.63,793.52 3091.03,781.62 3100.24,779.72
             3109.44,777.82 3121.34,775.12 3121.34,775.12
             3121.34,775.12 3122.54,774.52 3124.14,776.92
             3125.74,779.32 3125.32,787.01 3125.32,787.01
             3125.32,787.01 3119.22,788.81 3119.22,788.81
             3119.22,788.81 3436.25,2421.74 3436.25,2421.74
             3436.25,2421.74 3458.85,2546.15 3421.25,2652.55
             3402.45,2697.45 3359.54,2789.95 3293.33,2841.45
             3225.43,2894.15 3198.43,2916.65 3087.91,2942.35
             2977.40,2968.05 2588.00,3052.00 2588.00,3052.00
             2588.00,3052.00 2516.00,3060.00 2284.00,3112.00
             1992.00,3168.00 2029.61,3146.90 1904.00,3180.00
             1904.00,3180.00 1313.45,3289.06 1313.45,3289.06
             1313.45,3289.06 1121.73,3324.86 1121.73,3324.86
             1121.73,3324.86 976.82,3346.86 893.31,3307.46
             809.80,3268.06 774.08,3257.97 702.49,3179.06
             630.90,3100.15 602.48,2991.05 600.68,2971.75
             598.88,2953.35 524.57,2577.35 524.57,2577.35
             524.57,2577.35 450.27,2183.84 450.27,2183.84
             450.27,2183.84 377.76,1936.23 611.68,1702.33
             611.68,1702.33 824.50,1500.53 1130.83,1596.83
             1428.97,1700.43 1471.17,1990.34 1471.17,1990.34
             1471.17,1990.34 1504.17,2262.74 1798.60,2366.44
             2093.03,2470.14 2294.85,2271.94 2294.85,2271.94
             2294.85,2271.94 2514.98,2092.14 2454.47,1796.83
             2415.07,1595.03 2305.85,1010.82 2305.85,1010.82
             2305.85,1010.82 2191.22,422.92 2191.22,422.92
             2191.22,422.92 2149.02,148.71 1860.99,43.21
             1570.16,-42.99 1396.54,120.21 1368.44,139.51
             1341.34,158.11 1286.83,226.21 1127.21,258.71
             962.10,281.62 905.09,251.31 855.69,239.41
             797.88,225.51 631.96,124.81 423.64,162.41
             207.12,205.81 97.91,348.92 44.70,489.32
             44.70,489.32 -53.21,758.62 140.11,983.73
             425.44,1289.13 773.98,1114.93 849.19,1034.13
             923.49,971.73 974.40,870.83 995.00,814.92
             1008.80,758.92 1084.01,482.92 1359.14,432.42
             1633.17,392.02 1896.69,578.22 1892.49,887.33
             1881.09,1063.43 1786.48,1161.43 1738.88,1203.83
             1629.77,1301.03 1455.45,1346.03 1300.43,1288.23
             1216.22,1256.83 1150.72,1214.33 1102.81,1149.83
             1045.61,1072.73 1020.40,998.53 1012.40,959.93
             1012.40,959.93 1029.72,952.93 1029.72,952.93 Z
           M 2298.65,2548.86
           C 2298.65,2548.86 2272.25,2539.36 2272.25,2539.36M 2847.61,2919.16
           C 2847.61,2919.16 2868.41,2941.96 2868.41,2941.96M 2949.12,2770.96
           C 2949.12,2770.96 2978.32,2780.96 2978.32,2780.96M 2960.22,2593.76
           C 2960.22,2593.76 2990.62,2588.66 2990.62,2588.66M 2881.81,2435.35
           C 2881.81,2435.35 2905.82,2415.85 2905.82,2415.85M 2737.10,2334.85
           C 2737.10,2334.85 2745.00,2307.95 2745.00,2307.95M 2558.08,2321.95
           C 2558.08,2321.95 2552.28,2294.55 2552.28,2294.55M 2398.86,2399.65
           C 2398.86,2399.65 2379.06,2379.85 2379.06,2379.85M 2286.65,2724.46
           C 2286.65,2724.46 2259.45,2731.16 2259.45,2731.16M 2364.06,2886.36
           C 2364.06,2886.36 2342.26,2904.06 2342.26,2904.06M 2511.68,2984.36
           C 2511.68,2984.36 2501.47,3010.36 2501.47,3010.36M 1128.73,1143.43
           C 1128.73,1143.43 1107.83,1162.03 1107.83,1162.03M 1309.25,1265.43
           C 1309.25,1265.43 1300.75,1292.13 1300.75,1292.13M 1525.17,1280.23
           C 1525.17,1280.23 1531.68,1307.43 1531.68,1307.43M 1722.30,1185.73
           C 1722.30,1185.73 1740.60,1206.93 1740.60,1206.93M 1844.31,1004.83
           C 1844.31,1004.83 1870.51,1014.83 1870.51,1014.83M 1859.31,786.82
           C 1859.31,786.82 1887.11,783.12 1887.11,783.12M 1764.30,591.72
           C 1764.30,591.72 1785.40,573.22 1785.40,573.22M 1582.78,470.72
           C 1582.78,470.72 1592.18,444.32 1592.18,444.32M 1365.96,455.22
           C 1365.96,455.22 1360.06,427.82 1360.06,427.82M 1170.64,551.02
           C 1170.64,551.02 1152.14,529.92 1152.14,529.92M 1049.33,730.42
           C 1049.33,730.42 1022.42,722.32 1022.42,722.32M 1015.42,825.62
           C 1015.42,825.62 989.02,816.22 989.02,816.22M 863.21,1050.73
           C 863.21,1050.73 844.51,1029.83 844.51,1029.83M 863.21,1052.73
           C 863.21,1052.73 846.21,1030.53 846.21,1030.53M 620.18,1169.13
           C 620.18,1169.13 613.78,1141.93 613.78,1141.93M 349.76,1149.93
           C 349.76,1149.93 356.86,1122.83 356.86,1122.83M 121.63,998.03
           C 121.63,998.03 144.03,981.23 144.03,981.23M 4.52,754.42
           C 4.52,754.42 31.92,748.72 31.92,748.72M 23.62,484.32
           C 23.62,484.32 50.43,492.42 50.43,492.42M 175.24,258.61
           C 175.24,258.61 194.14,279.32 194.14,279.32M 419.36,139.11
           C 419.36,139.11 425.76,166.41 425.76,166.41M 691.99,158.61
           C 691.99,158.61 682.39,184.91 682.39,184.91M 864.41,219.71
           C 864.41,219.71 856.71,246.61 856.71,246.61M 1122.63,236.61
           C 1122.63,236.61 1127.23,264.21 1127.23,264.21M 1353.96,124.01
           C 1353.96,124.01 1371.96,145.51 1371.96,145.51M 1597.08,4.81
           C 1597.08,4.81 1602.58,32.21 1602.58,32.21M 1868.31,23.91
           C 1868.31,23.91 1859.91,50.71 1859.91,50.71M 2093.83,175.71
           C 2093.83,175.71 2073.43,195.01 2073.43,195.01M 2212.64,421.32
           C 2212.64,421.32 2185.04,426.12 2185.04,426.12M 2250.25,616.62
           C 2250.25,616.62 2222.65,621.32 2222.65,621.32M 2289.25,812.82
           C 2289.25,812.82 2261.65,817.62 2261.65,817.62M 2327.26,1009.73
           C 2327.26,1009.73 2299.75,1015.23 2299.75,1015.23M 2403.96,1401.74
           C 2403.96,1401.74 2376.56,1407.24 2376.56,1407.24M 2442.67,1598.34
           C 2442.67,1598.34 2415.07,1603.14 2415.07,1603.14M 2460.17,2066.15
           C 2460.17,2066.15 2434.27,2055.45 2434.27,2055.45M 2308.25,2291.45
           C 2308.25,2291.45 2290.25,2269.95 2290.25,2269.95M 2065.23,2411.05
           C 2065.23,2411.05 2058.83,2383.75 2058.83,2383.75M 1793.90,2389.85
           C 1793.90,2389.85 1801.90,2363.05 1801.90,2363.05M 1567.68,2240.45
           C 1567.68,2240.45 1588.68,2221.75 1588.68,2221.75M 1448.77,1993.75
           C 1448.77,1993.75 1476.47,1989.65 1476.47,1989.65M 1336.56,1763.64
           C 1336.56,1763.64 1357.76,1745.34 1357.76,1745.34M 1122.63,1618.44
           C 1122.63,1618.44 1133.24,1592.54 1133.24,1592.54M 865.01,1601.44
           C 865.01,1601.44 859.91,1573.84 859.91,1573.84M 633.38,1713.64
           C 633.38,1713.64 615.08,1692.44 615.08,1692.44M 490.67,1926.54
           C 490.67,1926.54 464.07,1917.74 464.07,1917.74M 472.97,2183.55
           C 472.97,2183.55 445.47,2188.55 445.47,2188.55M 548.38,2576.46
           C 548.38,2576.46 520.97,2582.46 520.97,2582.46M 510.77,2381.05
           C 510.77,2381.05 483.37,2387.05 483.37,2387.05M 587.08,2772.36
           C 587.08,2772.36 559.78,2778.66 559.78,2778.66M 625.48,2968.36
           C 625.48,2968.36 598.28,2975.26 598.28,2975.26M 719.89,3164.57
           C 719.89,3164.57 700.09,3184.37 700.09,3184.37M 901.91,3286.77
           C 901.91,3286.77 893.21,3313.37 893.21,3313.37M 1118.63,3301.07
           C 1118.63,3301.07 1124.13,3328.47 1124.13,3328.47M 1314.05,3265.17
           C 1314.05,3265.17 1321.65,3292.17 1321.65,3292.17M 1510.77,3226.67
           C 1510.77,3226.67 1517.87,3253.77 1517.87,3253.77M 1706.69,3187.37
           C 1706.69,3187.37 1712.69,3214.67 1712.69,3214.67M 1706.79,3188.27
           C 1706.79,3188.27 1714.19,3215.27 1714.19,3215.27M 1902.41,3149.67
           C 1902.41,3149.67 1909.31,3176.77 1909.31,3176.77M 2100.13,3110.77
           C 2100.13,3110.77 2104.13,3138.47 2104.13,3138.47M 2297.15,3072.27
           C 2297.15,3072.27 2301.45,3099.97 2301.45,3099.97M 2492.47,3034.66
           C 2492.47,3034.66 2496.87,3062.37 2496.87,3062.37M 2693.09,3022.86M 2885.51,2958.76M 3081.83,2921.56
           C 3081.83,2921.56 3087.43,2949.06 3087.43,2949.06M 3276.85,2826.96
           C 3276.85,2826.96 3296.66,2846.76 3296.66,2846.76M 3400.17,2646.16
           C 3400.17,2646.16 3426.57,2655.46 3426.57,2655.46M 3414.87,2428.25
           C 3414.87,2428.25 3442.37,2422.95 3442.37,2422.95M 3379.06,2246.65
           C 3379.06,2246.65 3406.57,2241.35 3406.57,2241.35M 3342.86,2065.95
           C 3342.86,2065.95 3370.36,2060.65 3370.36,2060.65M 3308.96,1884.34
           C 3308.96,1884.34 3336.46,1879.04 3336.46,1879.04M 3274.05,1701.84
           C 3274.05,1701.84 3301.56,1696.54 3301.56,1696.54M 3238.75,1520.24
           C 3238.75,1520.24 3266.25,1514.94 3266.25,1514.94M 3202.55,1339.03
           C 3202.55,1339.03 3230.05,1333.83 3230.05,1333.83M 3167.24,1156.53
           C 3167.24,1156.53 3194.74,1151.23 3194.74,1151.23M 3131.84,975.83
           C 3131.84,975.83 3159.44,970.63 3159.44,970.63M 1012.52,959.83
           C 1012.52,959.83 1011.12,955.73 1011.12,955.73
             1010.95,955.18 1010.85,954.60 1010.85,953.99
             1010.85,951.41 1012.57,949.23 1014.92,948.53
             1014.92,948.53 1022.52,946.23 1022.52,946.23
             1023.04,946.05 1023.59,945.96 1024.17,945.96
             1026.64,945.96 1028.71,947.70 1029.22,950.02
             1029.22,950.02 1030.12,954.23 1030.12,954.23" />
</svg>
